2.291187981964498133e-01
2.291187981964498133e-01
2.291187981964498133e-01
2.291187981964498133e-01
2.291187981964498133e-01
2.291187981964498133e-01
2.291187981964498133e-01
2.291187981964498133e-01
2.291187981964498133e-01
2.291187981964498133e-01
2.291187981964498133e-01
2.291187981964498133e-01
2.291187981964498133e-01
2.291187981964498133e-01
2.291187981964498133e-01
2.291187981964498133e-01
2.291187981964498133e-01
2.291187981964498133e-01
2.291187981964498133e-01
2.291187981964498133e-01
2.291187981964498133e-01
2.291187981964498133e-01
2.291187981964498133e-01
2.291187981964498133e-01
2.291187981964498133e-01
2.291187981964498133e-01
2.291187981964498133e-01
2.291187981964498133e-01
2.291187981964498133e-01
2.291187981964498133e-01
2.388036357024737322e-01
2.521496699873525538e-01
2.553160146755663051e-01
2.561347203616482493e-01
2.570338904192043250e-01
2.582757194711404747e-01
3.172768517132512622e-01
3.174876732100743171e-01
3.501789216767365320e-01
4.186225058260300003e-01
4.187074120015639167e-01
4.195850217381035807e-01
4.217305372453991619e-01
4.229285936423226033e-01
4.229285936423226033e-01
4.231851537784906969e-01
4.232092700382035777e-01
4.257093176237617405e-01
4.258261056080459572e-01
4.275299433763249946e-01
4.283780423176469787e-01
4.290522289053134708e-01
4.292609806304868991e-01
4.294235750796467910e-01
4.533475281173536819e-01
4.554447927144940067e-01
4.564770398837082466e-01
4.935799523537228173e-01
4.979401445421299810e-01
5.010995487511770152e-01
