1.609492809613382702e+00
1.629324645278616090e+00
1.707667907099133853e+00
1.793765174330982592e+00
1.807740221692152094e+00
1.808657974542576152e+00
1.845205241857181822e+00
1.847062683528311933e+00
1.850834654275488322e+00
1.851838876125591060e+00
1.852929491128381345e+00
1.886378929842967178e+00
1.890024970445567165e+00
1.897576352457162496e+00
1.902841759830924406e+00
1.916742952057787885e+00
1.920516339140887041e+00
1.925222870701172706e+00
1.928498728726075750e+00
1.928498728726075750e+00
1.928690313518001576e+00
2.069216065679293504e+00
2.101725201705908042e+00
2.104072849649125221e+00
2.110628344199713347e+00
2.117448618353825029e+00
2.117484219627938202e+00
2.150876530327167302e+00
2.181991024679692082e+00
2.216996136505207993e+00
2.217001505103437076e+00
2.217002188441797195e+00
2.217008620280295883e+00
2.217009649305368590e+00
2.217013755384744211e+00
2.217015721880934098e+00
2.217017259032588949e+00
2.217017488098575129e+00
2.217026599664721598e+00
2.217223109952662696e+00
2.217487381905699273e+00
2.217533474446498065e+00
2.252735288262766922e+00
2.265367100039016979e+00
2.306037204286530695e+00
2.311631471962648732e+00
2.316327382584277395e+00
2.328671964121009630e+00
2.332938150458629512e+00
2.339299471490584370e+00
2.348748883857896264e+00
2.363444496162805386e+00
2.380374660056450598e+00
2.395758105707308072e+00
2.395890356669440280e+00
2.426760843402826939e+00
2.427638852382539625e+00
2.438996391109105488e+00
2.447020962617386441e+00
2.450334831210555731e+00
